Inputs shape: (51, 8)
Outputs shape: (51,)
First 20 rows of raw data:
    hype-para-1  hype-para-2  hype-para-3  hype-para-4  hype-para-5  hype-para-6  hype-para-7  hype-para-8    output   source
49     0.259971     0.073653     0.072949     0.080030     1.111013     0.138991     0.251892     0.458765  9.742257  week-10
48     0.150000     0.150000     0.050000     0.050000     0.350000     0.750000     0.500000     0.850000  9.615800   week-9
41     0.121212     0.121212     0.000000     0.000000     0.363636     0.727273     0.484849     0.848484  9.609759   week-2
14     0.056447     0.065956     0.022929     0.038786     0.403935     0.801055     0.488307     0.893085  9.598482     file
47     0.045306     0.045319     0.045319     0.033695     0.337741     0.771663     0.496881     0.775992  9.588003   week-8
42     0.043751     0.045306     0.045319     0.033695     0.337741     0.771663     0.496881     0.775992  9.587655   week-3
45     0.010000     0.661416     0.010000     0.212650     0.889104     0.671374     0.010000     0.450308  9.567349   week-6
40     0.000000     0.125000     0.000000     0.000000     0.375000     0.750000     0.500000     0.875000  9.565800   week-1
46     0.138474     0.190151     0.378834     0.303465     1.057490     0.950823     0.074575     0.795668  9.514437   week-7
26     0.192640     0.630677     0.416796     0.490529     0.796086     0.654567     0.276241     0.295518  9.344274     file
44     0.000000     0.000000     0.000000     0.845416     0.918723     0.589616     0.000000     0.000000  9.292118   week-5
39     0.481245     0.102461     0.219486     0.677322     0.247509     0.244341     0.163825     0.715962  9.183005     file
22     0.145120     0.119328     0.420888     0.387609     0.155423     0.875172     0.510560     0.728611  9.141639     file
50     0.056244     0.488132     0.016288     0.866562     1.207249     0.263467     0.047541     1.010112  9.127405  week-11
43     0.480871     0.190087     0.193605     0.710357     0.197956     0.208186     0.219257     0.503654  9.114077   week-4
19     0.044329     0.013581     0.258198     0.577644     0.051280     0.158563     0.591030     0.077953  9.013075     file
12     0.143550     0.937415     0.232325     0.009043     0.414579     0.409325     0.553779     0.205841  8.976554     file
25     0.028947     0.028279     0.481372     0.613175     0.672660     0.022113     0.601483     0.524885  8.830745     file
23     0.338954     0.566932     0.376751     0.098916     0.659452     0.245548     0.762483     0.732153  8.817558     file
4      0.359909     0.249076     0.495997     0.709215     0.114987     0.289207     0.557295     0.593882  8.606117     file
Creating utilities and trainer...
Optimization direction: max
Objective mode: raw
Running Bayesian optimisation flow with config: {"optimization_direction": "max", "methods": ["EI", "UCB"], "xi_values": [0.0, 0.1, 0.2, 0.3], "kappa_values": [1.0, 2.0, 3.0], "grid_sizes": [4000000], "apply_scaling": true, "sample_strategy": "sobol", "filter_mode": null, "filter_training_mode": null, "filter_strategy": null, "downsample_grid": false, "downsample_stride": 6}
/Users/ajay.amrite/Documents/AI Course/Capstone/Black-Box functions/models/SurrogateCNN.py:138: UserWarning: std(): degrees of freedom is <= 0. Correction should be strictly less than the reduction factor (input numel divided by output numel). (Triggered internally at /Users/runner/work/_temp/anaconda/conda-bld/pytorch_1711403226260/work/aten/src/ATen/native/ReduceOps.cpp:1760.)
  "std": param.data.std().item()
Epoch 1/600, Train Loss: 0.849289, Val Loss: 1.561872
Epoch 50/600, Train Loss: 0.067382, Val Loss: 0.085892
Early stopping at epoch 71, best val_loss=0.083634
/opt/anaconda3/envs/tf-macos/lib/python3.10/site-packages/scipy/stats/_qmc.py:958: UserWarning: The balance properties of Sobol' points require n to be a power of 2.
  sample = self._random(n, workers=workers)
sample_strategy=sobol, Final sample shape: (4000000, 8)
⚠️ No filtering applied to candidate grid
Total number of points to evaluate: 7
{'method': 'EI', 'xi': 0.0, 'kappa': None, 'x': array([0.14280569, 0.01330799, 0.02982411, 0.41826522, 0.99555514,
       1.07082455, 0.02242799, 1.0642201 ]), 'score': 0.43682776165856113, 'dim': 8, 'predicted_y': 10.140804, 'improvement_over_input_model': 0.2944231, 'distance_to_best_input': 1.0650365490056413, 'best_input_x': array([0.056244, 0.488132, 0.016288, 0.866562, 1.207249, 0.263467,
       0.047541, 1.010112]), 'best_input_pred': 9.846381}
{'method': 'EI', 'xi': 0.1, 'kappa': None, 'x': array([0.12646474, 0.01112397, 0.0584566 , 0.55441972, 1.23380576,
       0.65530935, 0.02323906, 1.07664661]), 'score': 0.36921055360216837, 'dim': 8, 'predicted_y': 10.07729, 'improvement_over_input_model': 0.2309084, 'distance_to_best_input': 0.7006723420177579, 'best_input_x': array([0.056244, 0.488132, 0.016288, 0.866562, 1.207249, 0.263467,
       0.047541, 1.010112]), 'best_input_pred': 9.846381}
{'method': 'EI', 'xi': 0.2, 'kappa': None, 'x': array([0.12646474, 0.01112397, 0.0584566 , 0.55441972, 1.23380576,
       0.65530935, 0.02323906, 1.07664661]), 'score': 0.3093278350123051, 'dim': 8, 'predicted_y': 10.07729, 'improvement_over_input_model': 0.2309084, 'distance_to_best_input': 0.7006723420177579, 'best_input_x': array([0.056244, 0.488132, 0.016288, 0.866562, 1.207249, 0.263467,
       0.047541, 1.010112]), 'best_input_pred': 9.846381}
{'method': 'EI', 'xi': 0.3, 'kappa': None, 'x': array([0.12646474, 0.01112397, 0.0584566 , 0.55441972, 1.23380576,
       0.65530935, 0.02323906, 1.07664661]), 'score': 0.25566548219786067, 'dim': 8, 'predicted_y': 10.07729, 'improvement_over_input_model': 0.2309084, 'distance_to_best_input': 0.7006723420177579, 'best_input_x': array([0.056244, 0.488132, 0.016288, 0.866562, 1.207249, 0.263467,
       0.047541, 1.010112]), 'best_input_pred': 9.846381}
{'method': 'UCB', 'xi': None, 'kappa': 1.0, 'x': array([0.12882632, 0.0151854 , 0.01662839, 0.87433452, 1.29362243,
       1.08351813, 0.1590366 , 1.01846665]), 'score': 2.401882937352676, 'dim': 8, 'predicted_y': 9.93257, 'improvement_over_input_model': 0.08618927, 'distance_to_best_input': 0.9599231773828236, 'best_input_x': array([0.056244, 0.488132, 0.016288, 0.866562, 1.207249, 0.263467,
       0.047541, 1.010112]), 'best_input_pred': 9.846381}
{'method': 'UCB', 'xi': None, 'kappa': 2.0, 'x': array([0.09388727, 0.56244968, 0.02602673, 0.80363544, 0.27231251,
       1.00347256, 0.02482403, 1.09768182]), 'score': 3.3139376330902457, 'dim': 8, 'predicted_y': 9.681493, 'improvement_over_input_model': -0.16488838, 'distance_to_best_input': 1.2003723301100608, 'best_input_x': array([0.056244, 0.488132, 0.016288, 0.866562, 1.207249, 0.263467,
       0.047541, 1.010112]), 'best_input_pred': 9.846381}
{'method': 'UCB', 'xi': None, 'kappa': 3.0, 'x': array([0.02827067, 0.91084825, 0.04818307, 0.86223966, 0.33038045,
       1.07934491, 0.05268615, 1.05903789]), 'score': 4.35376696764809, 'dim': 8, 'predicted_y': 9.182465, 'improvement_over_input_model': -0.6639166, 'distance_to_best_input': 1.2718030292610807, 'best_input_x': array([0.056244, 0.488132, 0.016288, 0.866562, 1.207249, 0.263467,
       0.047541, 1.010112]), 'best_input_pred': 9.846381}

🔍 Best candidate (highest acquisition score):
Method: UCB
kappa: 3.0
Dimensions: 8
x: [0.028271, 0.910848, 0.048183, 0.86224 , 0.33038 , 1.079345, 0.052686,
 1.059038]
Acquisition Score: 4.353767
Predicted y: 9.182464599609375
Model-space improvement: -0.6639165878295898
Distance to best input: 1.2718030292610807

🔍 Best candidate (model-space improvement):
Method: EI
xi: 0.0
Dimensions: 8
x: [0.142806, 0.013308, 0.029824, 0.418265, 0.995555, 1.070825, 0.022428,
 1.06422 ]
Acquisition Score: 0.436828
Predicted y: 10.140804290771484
Model-space improvement: 0.29442310333251953
Distance to best input: 1.0650365490056413

🏁 Surrogate-best input (model believes this is current optimum):
x*: [0.056244, 0.488132, 0.016288, 0.866562, 1.207249, 0.263467, 0.047541,
 1.010112]
Predicted y*: 9.846381187438965
Base dataframe built with shape: (51, 10)

=== Results for grid_size=4000000 ===
Saved dataframe to: results/run_2026-01-16 12-40-34/df_grid_4000000_stride6_None_max_raw_lr0.001_ep600.csv
Best candidate: {'method': 'UCB', 'xi': None, 'kappa': 3.0, 'x': array([0.02827067, 0.91084825, 0.04818307, 0.86223966, 0.33038045,
       1.07934491, 0.05268615, 1.05903789]), 'score': 4.35376696764809, 'dim': 8, 'predicted_y': 9.182465, 'improvement_over_input_model': -0.6639166, 'distance_to_best_input': 1.2718030292610807, 'best_input_x': array([0.056244, 0.488132, 0.016288, 0.866562, 1.207249, 0.263467,
       0.047541, 1.010112]), 'best_input_pred': 9.846381}
    hype-para-1  hype-para-2  hype-para-3  hype-para-4  hype-para-5  hype-para-6  hype-para-7  hype-para-8    output   source  output-scaled
0      0.259971     0.073653     0.072949     0.080030     1.111013     0.138991     0.251892     0.458765  9.742257  week-10      10.000000
1      0.150000     0.150000     0.050000     0.050000     0.350000     0.750000     0.500000     0.850000  9.615800   week-9       9.870197
2      0.121212     0.121212     0.000000     0.000000     0.363636     0.727273     0.484849     0.848484  9.609759   week-2       9.863997
3      0.056447     0.065956     0.022929     0.038786     0.403935     0.801055     0.488307     0.893085  9.598482     file       9.852421
4      0.045306     0.045319     0.045319     0.033695     0.337741     0.771663     0.496881     0.775992  9.588003   week-8       9.841665
5      0.043751     0.045306     0.045319     0.033695     0.337741     0.771663     0.496881     0.775992  9.587655   week-3       9.841308
6      0.010000     0.661416     0.010000     0.212650     0.889104     0.671374     0.010000     0.450308  9.567349   week-6       9.820465
7      0.000000     0.125000     0.000000     0.000000     0.375000     0.750000     0.500000     0.875000  9.565800   week-1       9.818875
8      0.138474     0.190151     0.378834     0.303465     1.057490     0.950823     0.074575     0.795668  9.514437   week-7       9.766153
9      0.192640     0.630677     0.416796     0.490529     0.796086     0.654567     0.276241     0.295518  9.344274     file       9.591488
10     0.000000     0.000000     0.000000     0.845416     0.918723     0.589616     0.000000     0.000000  9.292118   week-5       9.537952
11     0.481245     0.102461     0.219486     0.677322     0.247509     0.244341     0.163825     0.715962  9.183005     file       9.425952
12     0.145120     0.119328     0.420888     0.387609     0.155423     0.875172     0.510560     0.728611  9.141639     file       9.383492
13     0.056244     0.488132     0.016288     0.866562     1.207249     0.263467     0.047541     1.010112  9.127405  week-11       9.368881
14     0.480871     0.190087     0.193605     0.710357     0.197956     0.208186     0.219257     0.503654  9.114077   week-4       9.355201
15     0.044329     0.013581     0.258198     0.577644     0.051280     0.158563     0.591030     0.077953  9.013075     file       9.251527
16     0.143550     0.937415     0.232325     0.009043     0.414579     0.409325     0.553779     0.205841  8.976554     file       9.214039
17     0.028947     0.028279     0.481372     0.613175     0.672660     0.022113     0.601483     0.524885  8.830745     file       9.064373
18     0.338954     0.566932     0.376751     0.098916     0.659452     0.245548     0.762483     0.732153  8.817558     file       9.050837
19     0.359909     0.249076     0.495997     0.709215     0.114987     0.289207     0.557295     0.593882  8.606117     file       8.833802
20     0.778818     0.003419     0.337983     0.519528     0.820907     0.537247     0.551347     0.660032  8.541748     file       8.767730
21     0.472071     0.168203     0.086428     0.452656     0.480619     0.622439     0.928974     0.112536  8.472936     file       8.697098
22     0.009077     0.811626     0.520520     0.075687     0.265112     0.091652     0.592415     0.367320  8.459482     file       8.683287
23     0.532820     0.862308     0.538267     0.049443     0.719701     0.906706     0.108231     0.525348  8.421759     file       8.644567
24     0.506028     0.653730     0.363411     0.177981     0.093728     0.197425     0.755827     0.292472  8.284008     file       8.503171
25     0.394865     0.331802     0.740754     0.697862     0.737404     0.783777     0.254495     0.871146  8.278062     file       8.497068
26     0.862437     0.482734     0.281869     0.544102     0.887490     0.382655     0.601902     0.476462  8.159983     file       8.375865
27     0.532721     0.833693     0.071399     0.116811     0.730693     0.937376     0.866508     0.127902  8.042213     file       8.254979
28     0.856007     0.638894     0.326192     0.668503     0.240298     0.210299     0.167546     0.963590  7.977685     file       8.188744
29     0.761137     0.854672     0.382124     0.337352     0.689708     0.309853     0.631380     0.041956  7.957875     file       8.168410
30     0.382225     0.557136     0.853102     0.333796     0.265721     0.480873     0.237647     0.768632  7.923759     file       8.133391
31     0.112071     0.437736     0.596599     0.592776     0.226982     0.410105     0.921238     0.674753  7.854541     file       8.062342
32     0.447096     0.843953     0.729546     0.639151     0.409287     0.132646     0.035909     0.446838  7.692368     file       7.895879
33     0.810032     0.635046     0.269548     0.869605     0.661922     0.252259     0.765670     0.890549  7.460872     file       7.658258
34     0.796253     0.007037     0.355697     0.487566     0.740520     0.706650     0.992914     0.381734  7.436594     file       7.633337
35     0.680294     0.255105     0.862188     0.134396     0.326329     0.287907     0.435010     0.364200  7.433744     file       7.630413
36     0.604994     0.292215     0.908453     0.355506     0.201669     0.575338     0.310311     0.734281  7.398721     file       7.594463
37     0.769917     0.458759     0.559000     0.694604     0.503199     0.728346     0.784254     0.663131  7.379083     file       7.574305
38     0.908649     0.062250     0.238260     0.766604     0.132336     0.990244     0.688068     0.742496  7.327435     file       7.521290
39     0.778345     0.751146     0.314142     0.902986     0.335382     0.386323     0.748972     0.988755  7.310894     file       7.504312
40     0.586371     0.880736     0.745021     0.546035     0.009649     0.748992     0.230907     0.097916  7.299872     file       7.492999
41     0.351512     0.590065     0.909436     0.678408     0.212826     0.088460     0.410153     0.195724  7.131624     file       7.320299
42     0.985945     0.873054     0.070393     0.053587     0.734153     0.520259     0.811040     0.103360  7.113457     file       7.301652
43     0.178007     0.566223     0.994862     0.210325     0.320153     0.707909     0.635384     0.107132  7.005227     file       7.190559
44     0.943185     0.218851     0.721184     0.424597     0.986902     0.535183     0.714743     0.960094  6.887846     file       7.070072
45     0.791888     0.576191     0.694528     0.283424     0.136755     0.279162     0.842767     0.625328  6.791986     file       6.971676
46     0.735904     0.034612     0.728030     0.147427     0.295743     0.445117     0.975180     0.374340  6.767963     file       6.947017
47     0.176150     0.293961     0.975680     0.793936     0.923401     0.030842     0.803255     0.595898  6.451943     file       6.622637
48     0.964573     0.973980     0.663753     0.662216     0.673122     0.905238     0.458875     0.560918  6.402588     file       6.571976
49     0.898887     0.523642     0.876783     0.218696     0.900261     0.282766     0.911078     0.472398  5.841067     file       5.995600
50     0.984933     0.699506     0.998885     0.180148     0.580143     0.231087     0.490827     0.313683  5.592193     file       5.740141
51     0.028271     0.910848     0.048183     0.862240     0.330380     1.079345     0.052686     1.059038  4.353767   week-x       4.468951
52     0.093887     0.562450     0.026027     0.803635     0.272313     1.003473     0.024824     1.097682  3.313938   week-x       3.401612
53     0.128826     0.015185     0.016628     0.874335     1.293622     1.083518     0.159037     1.018467  2.401883   week-x       2.465428
54     0.142806     0.013308     0.029824     0.418265     0.995555     1.070825     0.022428     1.064220  0.436828   week-x       0.448385
55     0.126465     0.011124     0.058457     0.554420     1.233806     0.655309     0.023239     1.076647  0.369211   week-x       0.378978
56     0.126465     0.011124     0.058457     0.554420     1.233806     0.655309     0.023239     1.076647  0.309328   week-x       0.317511
57     0.126465     0.011124     0.058457     0.554420     1.233806     0.655309     0.023239     1.076647  0.255665   week-x       0.262429

Pipeline finished.
Pipeline finished. Results keys: [4000000]
